version https://git-lfs.github.com/spec/v1
oid sha256:f66b4314b887d340ad5db68a2c48685295effc60367c65dd914b738e4abb0f27
size 12008
